reward_mean: -0.5
reward_stdev: 0.7071067811865476
hallucination_rate: 1.25
recovery_precision: 0.0
clean_hosts_mean: 0.9666666666666667
mttr: 0.5
red_impact_count: 0
