reward_mean: -10.1
reward_stdev: 7.716306066398924
hallucination_rate: 0.027586206896551724
recovery_precision: 0.42777777777777776
clean_hosts_mean: 0.8847623163202873
mttr: 0.9844444444444445
red_impact_count: 0
